3173
7171
4232
7228
2512
5732
9675
5772
6768
9867
5281
6889
2148
5938
44
1876
4481
3601
2634
4556
3159
7452
6918
2858
267
7771
8522
3462
3545
5786
8817
1799
2403
8714
7578
9421
9566
3887
5239
1757
9000
9069
9600
545
5018
7281
6753
3626
2349
9939
9041
7271
5346
3593
9459
3274
8316
9527
6408
9407
3425
5555
1715
5216
9266
9375
3910
2200
7685
3989
935
9860
5783
678
318
2894
9298
3179
6073
9665
8135
5280
9099
1951
2418
9407
6179
7558
9192
6503
4626
2790
3995
2025
28
225
7836
7867
4780
9289
6468
473
7386
5452
7468
2658
6312
3869
2702
1886
6416
4101
633
3411
9557
1606
9798
5232
360
5680
6890
8203
3829
864
9756
7381
3917
4391
6904
4840
8980
4340
6453
4581
3198
3169
6076
8498
306
2061
4438
1826
6608
3082
9742
5857
5715
1212
4078
5085
2577
2242
8716
3362
7851
5920
4928
7316
9069
7672
6760
5743
4193
9069
1802
4080
7928
7695
3971
60
6481
140
4469
9150
110
8320
3322
4236
2264
6709
5897
4052
2883
2828
5139
8536
7106
4175
2195
6530
9975
3736
2276
7671
571
4356
2460
3997
3367
3300
1652
8618
996
3929
2705
8423
9110
976
8756
8845
8427
2937
9297
2994
3676
4228
4019
6293
6365
5188
5997
8376
641
7460
6143
6406
9457
9983
6025
2298
1233
4216
505
2630
2373
1852
2522
493
2231
4367
3535
4534
1360
9801
9117
8408
2172
8062
1649
7355
7313
3631
1264
554
2065
7842
1698
4360
3483
707
2940
4033
2547
8674
5058
7549
6475
4602
3460
344
7702
500
3594
1345
9718
9831
9249
4209
5178
2233
1487
1613
3510
8747
9734
8924
9557
8751
4868
2442
1947
3864
4432
4603
3861
4254
6986
4999
4949
638
5619
4423
9093
9295
5196
654
8895
5943
1098
15
4180
5138
2952
2959
727
7691
1010
2385
1281
4207
6216
1353
1293
4830
4684
9914
6543
4852
6740
8024
5497
9989
6166
1186
1191
8832
8046
445
272
6272
1781
3078
3331
295
2899
4976
973
2105
4335
8352
2961
829
162
6654
772
3700
7416
6943
1025
6540
1627
8340
3342
1189
2929
9584
7639
7978
2871
4918
5244
1171
3505
1140
4323
9897
8789
5445
7051
6100
7721
4049
3562
4537
4591
681
173
903
7362
9093
6088
3881
8007
5071
9571
6065
4793
777
7975
8047
201
8996
9228
3203
7853
1474
6976
5494
159
8677
8521
8799
1466
100
7123
7789
6609
6203
9629
6143
6980
5563
157
8127
7998
271
4630
9447
8592
3275
8497
9345
4789
2983
4949
9857
692
9345
552
4500
5903
7516
5378
86
7418
8569
8801
8530
5727
5110
1056
8439
1490
1904
8438
1801
6507
3612
2544
9448
5741
3453
5020
8135
3523
5249
861
6096
9992
2865
109
8593
142
3944
4861
6700
4631
4492
9682
8040
2538
6857
1962
5911
4162
2581
5456
5035
4170
6842
5029
6292
6432
5179
9495
2929
8103
959
3590
1299
672
2893
6407
3064
7350
2363
3411
1145
4694
1294
3888
9785
8482
6669
7334
284
2697
9054
3976
8770
6927
8756
5388
1504
8889
7829
926
4390
4499
8529
4807
8923
6514
9214
6335
1371
8565
2771
6798
3378
169
7043
4189
140
8548
45
7710
2275
867
1981
6304
7419
4817
2649
7345
9421
9162
8137
6701
6306
4949
4627
9153
54
8387
8262
4900
1026
4147
3968
2192
6272
6068
7251
7388
9767
6138
3409
698
174
4074
4970
1227
821
3025
6977
6330
8353
3576
5234
4225
8526
3524
6611
6425
5998
4879
223
7577
2678
4008
9751
1622
4956
9252
2963
2017
6062
1924
5872
5781
7525
1016
9099
7149
269
41
801
5694
5528
543
7722
6615
1989
598
8523
9702
1825
5692
6417
1850
2163
4183
7427
7946
8880
4164
533
2399
4952
8255
4364
8879
7953
8870
3119
1579
7891
1737
717
1783
4706
3790
1783
6552
7184
4997
984
1451
7717
9410
7594
2220
8171
7827
205
2923
2341
9582
3995
7356
3322
4942
1067
1241
2268
3461
5490
3833
1912
9943
2072
5217
5533
4602
7879
2088
370
8235
2832
735
899
8481
7947
1876
1649
4804
4471
2937
2177
4803
8085
6049
5625
7296
8636
2838
8728
4117
3767
134
9390
7136
6149
800
1155
2136
5322
2720
1005
9860
5482
8586
7022
6731
5903
5643
1336
3198
5595
7083
3791
4996
6533
3374
6141
8454
6448
9190
952
6211
3130
2715
5111
8940
8703
7443
2393
4071
8542
1239
2075
8507
3622
7238
7106
8313
7416
9972
52
2953
4177
6132
6339
1849
7596
5854
594
4267
9060
2738
1779
2426
579
3756
2383
9962
5788
3825
6698
5935
7225
566
3792
1814
4552
6462
6623
7940
2844
363
1012
4456
5010
2365
7137
8863
708
4801
5659
5521
314
9689
3924
9276
6797
4197
2534
4514
9394
1496
597
5139
7058
41
4086
3891
5810
963
1387
8692
9122
5816
2167
3191
185
8101
6994
8118
1420
5349
1028
2017
6037
7825
3158
5984
9651
3494
431
8023
335
3627
2780
8916
2816
471
8645
8281
3405
8655
3579
7081
1369
1580
6443
4839
2750
994
2857
2528
1493
1067
8258
9588
9020
3164
5860
2913
509
8235
9729
2256
8380
9266
8446
9101
7746
3499
5064
2989
4383
6483
9433
9600
6888
28
7953
476
1148
9793
1389
1899
1523
7395
4463
2478
9470
8176
9342
5053
7699
284
7630
6703
1271
5294
5995
3575
652
216
5809
9133
3486
3682
5495
8260
3755
3840
4157
7656
8675
2232
9612
6211
6467
3774
9048
3207
4858
5223
4456
6038
1538
7223
6664
4565
9849
8905
5875
3892
5898
9038
1821
4413
3432
4995
1337
3219
4259
3787
8296
9839
3731
4228
9833
3141
5350
8980
2891
2002
9367
9420
6385
6989
8948
3699
6447
1520
5699
6731
4646
4662
279
9062
8241
7821
6807
1592
3942
9103
457
5275
7314
9716
6716
9379
2978
8549
8700
3484
5395
4532
3178
5089
477
9317
3708
1963
2860